477436
4797243
9325922
9831665
12195459
18181872
19209497
21316357
22554114
22758223
23412532
24930041
27934788
28419986
28483318
30052626
30141201
31172594
32341051
38189613
41246746
41256571
41541490
42661037
42665808
43083326
47354358
50822788
55004748
56367665
59044267
59045240
61411769
64020621
64337085
64405542
64495624
70012114
70623566
73149517
75458057
77146088
77263858
79572728
79684846
80454110
80600084
86730190
88164121
88252757
89012401
89609552
91820428
96150688
100844294
101123714
104780129
105515055
106126733
106847965
112765574
114335768
116771587
116987547
117398522
118121016
119168097
119324548
119984223
120688476
120957859
124428064
124493174
127182298
129959539
131090600
135309019
136120601
141330171
144766888
146047714
148028372
148141412
155582514
155613880
156632108
158208378
160749110
161421994
163709986
168424834
169184098
169714407
170044677
170702643
174602796
175225389
182684346
182953179
184339042
185839833
186892752
193578155
194288761
195049893
197375951
200117899
202169240
207326299
207719945
209494308
215567692
216396819
219915933
220661190
224405794
225581772
227987462
228228261
231153033
232271289
244619364
247601107
249547017
252401333
253767636
254780556
256373992
258579490
258607395
265319255
269293551
277009661
278510300
279621410
280322314
281830912
281992442
295373990
296217061
296368769
296958338
297111882
297587634
298690639
301256830
301551883
301569482
303834751
308237328
309205988
312398703
316349324
316843844
317218970
317758364
322517675
323695997
324213907
327097331
328173768
330216676
330510973
334902243
336307245
338693303
340105824
344874651
346639822
347751823
349647431
351792827
355868601
363027725
365286944
368935096
373420136
373955352
375452362
376641675
379781071
382930082
383004165
383548889
384860369
387099463
388152274
388906167
388973231
389467430
390010646
390283609
392126495
394222098
404038360
407369704
409578792
415973943
416631834
419720758
424308943
426193535
428660479
436174617
438553637
444124710
446453328
450638497
451062360
454299346
456953801
459419868
462270211
463082627
465989669
466773858
466910438
469032684
469587857
471037924
474167196
476653679
478244676
479368393
481187155
481249696
482195822
485505646
486187219
488459426
490406443
493777923
496018885
496519391
496574027
497499325
500580160
505448553
506204876
507687997
510797125
521359258
522532402
525687690
528831458
529321305
530213043
531663015
535698708
537511330
542017543
542846219
543805026
543814133
544003713
544807626
551495378
553455152
553866990
554098698
554905047
555160355
555163195
556035050
557983610
559543501
560853112
563093687
563123805
563302855
565661232
566475303
567953380
568932655
570127186
570188543
571401726
571469817
572898288
576715621
578628211
586930025
590643250
597029828
598433582
598692942
598799350
598905474
600472452
601531951
602672741
604454389
604863342
604876064
605044492
612760367
613631218
617467217
620478589
621296277
621346472
625927489
629242547
630344424
632861121
636733060
641934773
645074104
645227925
646263313
646907052
649349239
649809093
651179627
651218713
661418973
666114246
668580116
669486368
669896179
673370028
675298493
675464896
677568976
679656369
681004106
681393412
683572519
684445338
688287787
690590867
692179774
703427014
705842917
705977400
714479688
715581169
719381418
719696939
719916405
722398225
723692203
734603370
734845330
738557890
738694799
739184594
745778033
747518890
747986639
748505045
751635302
765578817
767657196
769740320
769940744
771839596
771925572
772081760
773192759
773583495
773684355
775741976
775793247
776179452
777804169
783667177
785461638
785939074
788512574
791170853
791215465
791445959
792628037
795108718
795329806
795946515
796482824
797204846
799850907
800127340
800137558
801302660
805895103
806264190
812333017
814671155
816184257
820786076
821817287
827010842
827066698
827211460
827927512
827983808
828291726
828709158
831142305
832468391
832628736
836994107
838266332
838667838
839240953
840420609
845769614
845821544
851358850
853750960
854138465
857815744
858001383
859136140
862745404
864350517
864364982
866476721
866685115
869515256
869690497
870154350
872079572
872769866
874339493
878716376
881069867
882584298
886919097
888269970
895840271
896345359
902732163
903105218
912718103
913002101
917095420
917701046
918819379
921412509
922548788
923583355
933542651
936722992
936760669
937647587
937703745
937987792
938576167
939544092
945574330
947074468
951545866
951697252
952583563
954641437
956530712
960084901
960339417
963609906
968256824
970431904
975105960
975229147
977418025
978175933
980033993
981688082
983544514
984715553
986014821
987892283
992553477
992714770
993054495
995005133
996644654
997670578
998788974
1002059978
1002683864
1002720539
1003516880
1007852877
1009274635
1009946019
1010386444
1014662014
1015155350
1016922869
1018107469
1018591877
1019423377
1023374412
1025253410
1025442087
1027221789
1031334156
1031382099
1037592056
1042952318
1045493533
1051064158
1051888414
1052399703
1053074900
1054085443
1055937610
1058596025
1060179789
1063445114
1063708467
1066731658
1067266669
1075575740
1076528629
1079020912
1080488411
1080688129
1080878287
1089198815
1093117076
1093308436
1094285588
1095714684
1096783247
1099051321
1101957722
1103446352
1108185903
1110930914
1116174506
1119613513
1121916589
1122395095
1122933111
1122965195
1127648283
1132131316
1133457229
1135378214
1135788679
1137189796
1139138979
1141144960
1141634079
1144786066
1146524917
1147291958
1147360032
1150885260
1153165925
1157202094
1163326494
1165345753
1166048522
1169705043
1171075284
1171971822
1181702814
1183518012
1187272913
1188228439
1189330207
1191883411
1192156345
1197502281
1199132558
1203029138
1203452977
1204499441
1207011585
1207534384
1209059776
1209701970
1219016004
1219936280
1221026585
1221288517
1222464504
1225173450
1228675013
1230392636
1230638156
1231991244
1235653020
1237774850
1238062324
1241504948
1241556129
1243150960
1250865827
1253044272
1254633835
1255829932
1261129183
1265694352
1271935339
1272204439
1283925072
1287927467
1291050772
1291952821
1292425489
1298104622
1298263014
1298865253
1304376391
1308744873
1309986848
1315603772
1317707434
1319560737
1321422321
1322018123
1326517207
1327330039
1328881672
1329758508
1335151694
1341018661
1346787069
1352389449
1352749969
1353145245
1361164233
1362976451
1370128419
1370358378
1370773731
1371761594
1372111585
1373060878
1376201225
1380455460
1383142984
1384292809
1386924063
1389129615
1389518373
1392318185
1395952529
1397317900
1397854285
1400254241
1400324419
1400527079
1402228317
1402648336
1403559894
1403786632
1410508086
1411140255
1415344049
1420975020
1421596519
1423151577
1423925244
1424048069
1424632920
1429157254
1435156353
1437104917
1437933895
1438076806
1438388897
1442644078
1446511297
1449358026
1451089898
1454687584
1458797367
1460416481
1464263858
1465689585
1467483759
1472783640
1476887493
1482291322
1482507688
1483928872
1484220008
1485735124
1485960836
1488249435
1488506746
1488533181
1488726872
1495205230
1495334496
1496871843
1499337842
1499492764
1500564860
1506451152
1508310613
1510037368
1510608921
1511612654
1515245256
1516650477
1516962632
1520916523
1525710933
1526339700
1531428569
1537279265
1542437241
1544007332
1550853985
1554395133
1556756857
1559846629
1560071474
1563383331
1569035857
1572491243
1573434402
1575918754
1576447112
1576466370
1577341876
1585067725
1588599989
1588666502
1591427779
1593697093
1593722068
1598825916
1600956444
1601222206
1601746646
1601930048
1603720759
1604402073
1604696832
1606514368
1607547207
1610128551
1611732635
1613075608
1613816696
1615434473
1617411629
1617948580
1619097157
1620066211
1620513389
1621058557
1628422924
1629622145
1632798368
1636694304
1637371840
1645443430
1650149265
1650570856
1651366985
1653295669
1655384695
1655460217
1656319358
1656900022
1664435388
1665224281
1666731962
1668562396
1669254270
1674322152
1676164638
1680140665
1686523399
1687191784
1692194626
1699212148
1701097592
1702215988
1705732896
1707057787
1707250532
1707965421
1710464203
1717131435
1717177269
1723058111
1724075653
1729372729
1729964374
1733036065
1733159309
1734636677
1734728220
1739394999
1741857352
1745586854
1746023335
1746253512
1747976671
1754299334
1759383996
1760786154
1770179764
1771510487
1772437902
1774312542
1774661235
1775639166
1778176408
1779496014
1780588777
1782448133
1784858696
1788803730
1790181725
1790589927
1791024954
1793600973
1797744516
1805066383
1811247951
1813840667
1821666900
1823912310
1826068977
1828738628
1831453567
1832916267
1832921862
1834899279
1836267609
1839459163
1839702357
1839956913
1841817424
1844212493
1845912365
1849021437
1849316196
1852047721
1853078860
1853264977
1856207988
1857783517
1859497178
1863153489
1864628143
1864714456
1865323777
1865479964
1867361076
1875577304
1877190225
1877966470
1882188922
1882205362
1886254789
1889685044
1892358803
1894335432
1894470587
1894979045
1895931112
1896746051
1899304821
1899678781
1906169634
1906617542
1909304792
1914289449
1915730231
1915943464
1915952456
1916308432
1920221672
1920648264
1921680527
1923865709
1925436114
1927775623
1929500586
1933683760
1944367936
1945403169
1948284469
1950120516
1952831562
1953648154
1956872132
1957471790
1958211636
1960894025
1961093863
1964908267
1965549185
1965845236
1965857927
1967961106
1968051782
1968156658
1968342205
1972783738
1975363996
1975954089
1977246597
1979567387
1981738922
1982210006
1983137712
1984815754
1985221553
1987048843
1988352837
1990026786
1991570587
1992638349
1995071018
1998415334
1999356537
2000241183
2000333380
2000676835
2001568411
2004636999
2005223405
2007422541
2009710109
2011694791
2014310306
2015689353
2018049083
2018523023
2019624386
2024471303
2028816699
2029840068
2031433378
2033139290
2033262820
2033825172
2034248906
2035499020
2037560053
2038471429
2040138535
2041108468
2041960030
2043680800
2048855810
2050249118
2052848461
2054103224
2055558213
2055685856
2056591780
2062290194
2062542412
2062786147
2063673432
2065347002
2071092960
2071186500
2071455773
2074293266
2074680867
2077515756
2077995331
2078400325
2080244126
2082631960
2083593488
2084017615
2084776622
2085868126
2089300064
2090182260
2096330905
2096504672
2096888245
2097270783
2098106030
2098600825
2098711129
2104044031
2104336162
2109348991
2110047533
2114333986
2122797735
2123551999
2123656612
2126167667
2128888440
2130033711
2132464017
2132616682
2135063878
2142203186
2143369307
2143636271
2143764190
2143820889
